time,mag,mag_err
2457455.849916,14.895792441287718,0.017255822127535955
2457457.818283,14.898693366059806,0.016746646257921285
2457461.8109623,14.867294034212005,0.023108985063771563
2457465.7743361,14.86042934781854,0.021111911549079043
2457469.7030125,14.912300909399459,0.036581748375296756
2457476.8262919,14.950149762240713,0.03850349470085484
2457479.8908242,14.936702639555557,0.020256762768297815
2457481.821657,15.07000192703604,0.043376055139186846
2457482.8270712,14.914174217462435,0.02644210377077819
2457484.82943,15.05286458438138,0.0206142535590864
2457522.7391109,15.06338685089099,0.022945443614917335
2457534.7014745,15.018121197210455,0.02756085584922023
2457545.7393424,15.011394329151633,0.024954141960705705
2457546.749753,14.980562791500905,0.028122252903623607
2457547.733888,15.004062885357627,0.02161377446570504
2457555.658554,15.064927113350539,0.03288750467393564
2457559.7382576,15.137266486026064,0.06129143414143435
2457560.506211,15.038436902075548,0.04146700078353905
2457562.4985215,15.073263845768196,0.024999776149058274
2457567.5625861,14.955645138908151,0.01791892876568878
2457569.600658,15.021983050180728,0.02767625449955613
2457575.5933457,15.060758499119887,0.021581982290683765
2457585.6341795,15.12257030529241,0.03956742156159488
2457595.6729367,14.893251239888327,0.019612793312468492
2457600.6445773,14.81549507937479,0.05051989938488983
2457601.5534381,14.80490973988404,0.02131522928680949
2457603.54998,14.848575090485319,0.018786572900409047
2457606.5237823,14.81181988884147,0.020089232003397118
2457609.5094606,14.865086866014822,0.0219580033607777
2457612.6096515,14.886813088771788,0.024177010733109
2457616.5197857,14.838771379069248,0.028294601205788097
2457619.5910545,14.824045630166854,0.0452154920035641
2457620.5263421,14.872062244430747,0.026716859352899268
2457622.4782109,14.849456419687957,0.018336394681865615
2457624.5893709,14.925588695843526,0.02220880119898527
2457629.5778694,14.83463809580336,0.020284545998538014
2457633.5641607,14.869270986910731,0.02539130498978412
2457637.5226426,14.828493306831518,0.02076720414395889
2457640.5160153,14.872981425232544,0.0221127979896292
2457644.5254924,15.247730800675917,0.17574857832260493
2457645.5260542,14.701927612493876,0.057220900085153986
2457647.5223009,14.899613846257282,0.03915868573866317
2457651.5002284,14.907693602256497,0.019016412264500713
2457655.493965,14.874677426975015,0.017661803399101082
2457659.4841232,14.886847353010396,0.026625937305536012
2457758.8648404,15.058076531269087,0.05487294185035085
2457759.8648501,14.792425400910982,0.06334487088307857
2457766.8603289,14.798750364168768,0.046767889240413814
2457768.851942,14.904594254230021,0.03581550822156403
2457772.8431481,14.958359488025284,0.03298963704086605
2457774.8542365,14.943480896219691,0.025209069794344625
2457778.8268693,14.888777187997412,0.02965803502711725
2457780.8265802,14.868332844992235,0.02223478488127311
2457781.8180603,14.998417101755102,0.025377068176500112
2457783.8131484,14.911618679898474,0.026894265985942682
2457785.8419109,14.878036049177245,0.020165477902559355
2457787.7992651,14.821608058570908,0.022878690385885546
2457790.8134291,14.904369126372217,0.02171251132112978
2457794.7829773,14.992080761024926,0.061045743296018966
2457796.7977095,14.81960822255347,0.04021288086085624
2457799.7702792,14.798271674341699,0.03466338604825093
2457800.8365042,14.942587011820883,0.029789724151745415
2457802.8728164,14.851753330955503,0.031773010711413766
2457804.8711706,14.911469382129873,0.02701427044161645
2457806.8577054,14.89146753716253,0.02009406946123237
2457807.8471581,14.908789836342443,0.024097189196789687
2457812.7477161,14.949410428681393,0.021821246726213373
2457816.8429451,14.865998398030158,0.02451831440170512
2457820.7748983,14.897108329914268,0.018256063985110843
2457823.708209,14.94708717542668,0.03913370253547811
2457825.8122975,14.985990099653064,0.03750351130330851
2457827.868156,14.940780599362116,0.035865178764499406
2457830.7524271,15.097848101454206,0.047966071757664215
2457833.8509379,14.969563770828673,0.020828456978095433
2457834.7925617,14.99028151969072,0.019027068404223132
2457835.7898028,14.653145430043564,0.022043969594011833
2457838.6722699,14.899561532377083,0.020842887250176183
2457840.6679689,14.961474583240104,0.020654937333282993
2457844.8486014,14.937561109852172,0.017292282690479416
2457846.818374,14.940743106443048,0.018328695347331284
2457850.8194352,14.90711857861643,0.026508209437413242
2457851.809369,14.941567186975519,0.02646100004333427
2457853.712934,14.903765131450209,0.03328159258668177
2457856.7183302,14.830431389540923,0.03114914105938815
2457863.8682242,14.87685253641127,0.03265423666383372
2457864.8221728,14.856056509579176,0.01979590746739591
2457867.8125125,14.813626867112559,0.01793387918028953
2457870.6289308,14.864483434335785,0.018993826444174598
2457873.5694576,14.823480921653458,0.020555629067760848
2457876.6940004,14.865749580413025,0.018296961957385557
2457878.6131864,14.849480847570696,0.02347313042697973
2457879.8512514,14.850170976594628,0.01976706022558338
2457880.7113843,14.964318190977448,0.030250422394065758
2457886.7611728,14.870508253667673,0.04416070376533026
2457889.5892873,14.911564576037026,0.02470403068852503
2457893.6069974,14.968425997266978,0.020597422784492152
2457895.6860832,14.885961332147744,0.02886107433178595
2457901.7527591,14.862720865666542,0.037021948625172656
2457902.6849428,14.9499333759816,0.019448656718229367
2457903.8132424,15.0081022962487,0.024313018795437596
2457905.7598891,14.972018875154816,0.021218757554403913
2457906.7520425,15.013551244022526,0.025006732838784136
2457910.6460103,15.058393307700346,0.03388948799971164
2457911.7405858,14.99581603216669,0.03441595316963667
2457915.6536311,15.091185580202623,0.04281826442539487
2457917.5604614,15.128119542646033,0.032023560846792934
2457923.5425497,15.0986713723547,0.030801232733204002
2457928.6619104,15.22326022819187,0.05259070274198132
2457933.5662377,15.155842244180464,0.02934464330201699
2457935.6908501,15.104889243368255,0.02822562651235521
2457941.6846725,15.279364663257342,0.10200953617010655
2457942.6965169,14.996424671242522,0.059288079718301294
2457944.5517829,15.18551986945143,0.04426392909837013
2457946.5666963,15.102349114397748,0.03774716261541505
2457949.5304348,15.085258420147786,0.0380515754012219
2457951.5464502,15.154708765659041,0.02823576321377906
2457953.6503949,15.099799729654215,0.027444663441949426
2457957.5899537,15.0805859118245,0.02586258714570795
2457960.6029704,15.061060268536933,0.025290178509465987
2457967.606063,15.076866603678951,0.035419249333777304
2457970.6148358,15.049863347432668,0.034526867614628684
2457972.5576376,15.062691824601684,0.04459639602332006
2457975.631418,15.124443621872176,0.04173498443725227
2457979.5900112,15.133159179155072,0.030862140508890298
2457981.6029623,15.142683068341602,0.028704708774778265
2457984.542474,15.171928605860705,0.029163604333060263
2457994.4687603,15.314884936571943,0.054862315460792156
2457995.5114695,15.203472852480136,0.04329635305729405
2458011.5264269,15.134681481036097,0.028597572047792355
2458014.4958854,15.031290570064302,0.03127161009247486
2458017.4932017,15.061141120883725,0.031094687745892916
2458022.4795078,15.167238119352167,0.04960750489102114
2458023.4879303,15.106689295367046,0.0363206101177798
2458123.8647748,14.951710635884012,0.04644284242826906
2458130.874133,14.827846524046311,0.07502710519562442
2458132.8558004,15.090523883259593,0.03328382899456737
2458133.8517974,15.028138562708012,0.024970932031090336
2458134.8516107,15.07653267450131,0.025486347905122258
2458135.8466567,15.096035749190705,0.02733710830214368
2458136.8432201,15.100343391121765,0.027182450013968004
2458137.8430769,15.058736011013355,0.029221173424475406
2458138.8389018,15.062358689543851,0.025985020000707112
2458139.8347481,15.12055372111141,0.02841307468342506
2458141.8340536,15.182966820601788,0.03558910322876159
2458142.8309502,15.213824540313441,0.03958025571983637
2458143.8265993,15.048974765796931,0.02977662320203371
2458144.8265142,15.08820219447557,0.027789211632667125
2458145.8218987,15.16586818380425,0.03392028616447242
2458148.8167257,15.147914350435324,0.05193347934292444
2458149.8084432,14.961767612330954,0.04870323814515128
2458150.8081305,15.214724683542837,0.06336571955858629
2458153.8639063,15.039902529402081,0.045703354744944885
2458158.8688829,15.045632762908701,0.027130490100492108
2458160.8589962,15.016123189251111,0.022729225851333457
2458162.7744056,14.94515464621757,0.020958021544727937
2458163.7735587,15.049735737526653,0.0277856278842046
2458164.7767814,14.953585743422707,0.029834252807470898
2458165.7867408,15.016504611299828,0.02618351338663557
2458166.7637361,15.015080580618374,0.02621527646993139
2458171.7484722,14.96340354323911,0.02001032051416991
2458172.7476861,14.919042336047902,0.02113919838556738
2458173.7546413,14.88292616089426,0.018863220860322643
2458174.7799212,14.896283305819605,0.01792893351078847
2458175.7451332,14.86824841012319,0.02787637107762754
2458176.8656362,14.907884462125487,0.019099768906965756
2458178.7351927,14.851176908688439,0.04100129754537885
2458180.8283655,14.890832514504002,0.0435221500160854
2458182.7213821,14.722525841523344,0.047255816413959095
2458185.7979909,14.745359408022313,0.029652909202439678
2458186.8084859,14.735756609529878,0.027647647629899668
2458187.811986,14.7593605182243,0.02293638320438351
2458188.7497097,14.753999502093109,0.01978526748581196
2458189.8470072,14.709526288285787,0.02566973376541058
2458190.8529351,14.7889382268753,0.02053840018114333
2458191.8301058,14.803138244237497,0.02049822687929103
2458192.821199,14.751263336600566,0.020291658753869887
2458193.7903757,14.782808704021992,0.021219606396824697
2458194.8117903,14.788090080306514,0.019837296307195912
2458195.7770983,14.744489296713223,0.02372440330766267
2458196.7877028,14.730430621429893,0.020686628202673703
2458197.7299025,14.701797740056701,0.02101372536102671
2458198.7627582,14.711668777357596,0.024606154097644287
2458199.8490586,14.74166933622273,0.023020474952066168
2458201.8173785,14.759811250527065,0.019237060275268093
2458203.6984198,14.743302048958984,0.02557246771388898
2458204.6503716,14.77203966442824,0.030880220341502417
2458205.6652736,14.741251017157328,0.020935406921848018
2458213.8296596,14.917738359829348,0.02702636798008887
2458215.7337449,14.835286196720192,0.021374628342666034
2458216.7518371,14.846704886258117,0.023427164943521143
2458217.7741652,14.881679405556893,0.024369645993549672
2458220.7083274,14.889323746626976,0.024040062659623808
2458222.8004634,14.893048489175724,0.02153787363387908
2458223.7868051,14.984451999263115,0.03780422152196858
2458224.8029061,14.873345782843618,0.02127886213371939
2458225.794382,14.90292485704427,0.019175188100518242
2458226.7936089,14.906335321349554,0.023492209540983692
2458227.8007423,14.93645511628081,0.019568185683957174
2458228.7897272,14.966560086467899,0.026012080935085467
2458229.7928214,14.96528001076465,0.026787326765816924
2458230.8477955,14.99304345537837,0.026641925113523066
2458233.7434351,15.044708278306413,0.03830283198356486
2458235.7995605,14.803029826533143,0.06026651417918927
2458236.6126708,14.99988135512017,0.1093135207590164
2458240.8682851,15.157619609000347,0.05865719624754534
2458244.7944115,15.106608253426455,0.04337970286974179
2458245.6310196,14.932053498712136,0.0264556632969826
2458282.705801,15.614797597095711,0.022342450900101094
2458283.3916842,15.65375597255306,0.02351219639363838
2458285.7854043,15.66286367429032,0.04373393995568166
2458288.7588635,15.655505605227065,0.02222236426595361
2458290.5181076,15.626028652800944,0.027076273862531485
2458291.7387941,15.640584496814501,0.03161735945279299
2458293.708095,15.579567965037121,0.040448570918171646
2458294.5667741,15.738035366945946,0.04977365317044622
2458295.7393314,15.803395085177625,0.07460970807430124
2458296.6716955,15.631602830615472,0.04834940717023769
2458298.6348366,15.586300309583178,0.03330427478481311
2458299.5564213,15.66100758683424,0.08249542767049037
2458301.5728405,14.857071500515751,0.016930962002185336
2458303.7362796,14.899494339797968,0.022464333430721142
2458305.5435368,14.875942385145759,0.013632504942773144
2458306.7332475,14.887249110833256,0.01624013204128319
2458308.7259864,14.927367842286268,0.016618925173868343
2458309.7193872,14.821699772832966,0.025832552260320496
2458310.7155687,14.878863611650745,0.019602951463455653
2458311.6889207,14.846435381987641,0.01675213961580747
2458312.6309211,15.678682748845162,0.02260773783305038
2458313.6802302,14.81481028580524,0.022073169215979186
2458314.6980191,14.851739769766304,0.014870371837257226
2458316.6737369,14.810913993486977,0.02737621594047931
2458319.6942018,14.886280967463128,0.021515255124942602
2458322.6820336,15.670915068504403,0.08961549421842963
2458323.6852738,14.735553412591818,0.028741109009468354
2458324.6743864,15.487858812558438,0.05102894905141048
2458325.6481908,14.835803242379427,0.055886892711046465
2458326.6189594,14.67659764328772,0.03409878825977979
2458328.6177441,15.372558349457917,0.03742421794540542
2458329.4656552,15.554663227153991,0.01937923893436133
2458329.6555914,14.683846439884594,0.02739107280141826
2458330.552391,15.394683349214445,0.03654044784738944
2458331.4662796,15.437403571713142,0.019611848797952244
2458332.4748099,14.69335197745374,0.01831775053759134
2458334.6535819,14.698947281406003,0.01986412461240509
2458335.6425014,15.566276831654198,0.017857930609467835
2458336.6459928,14.655788281407887,0.019077428818062358
2458338.6396709,14.646609446846526,0.018310552448968065
2458339.6176435,15.443407328709377,0.015476826838146256
2458340.6010999,14.672923187220373,0.017108839577113337
2458341.6225375,15.576962541946774,0.0216228512996852
2458342.631616,14.685918613130866,0.019188702542275605
2458344.622123,14.721993914704294,0.01869675990338363
2458345.5233977,15.581564251878415,0.021163518549142286
2458347.4912381,15.539069912072094,0.018267548389847583
2458350.5141481,15.552873995640068,0.02309872214322302
2458351.5559312,15.584581660558419,0.04587908441641936
2458352.5821196,15.517137205747854,0.05415876313213017
2458354.5678963,14.729632062921867,0.029241120294335655
2458356.5677302,15.449260227290758,0.04413965063821381
2458358.5803197,14.699824032234957,0.027159320999429283
2458359.5507459,15.60620205485671,0.03573229202030366
2458360.5737412,14.891091913468276,0.022062311570140197
2458363.5589485,14.808407934157291,0.016703612046289566
2458365.5556875,14.777995720317211,0.026518815367690865
2458366.552291,14.830357647225938,0.017086049720605016
2458367.5459498,15.751065387316903,0.02598249695229232
2458368.5428584,15.640548273322853,0.024397247236658995
2458369.5454155,14.836093451062116,0.01792078897382008
2458370.5282277,15.759919189968059,0.025852194745923648
2458371.5385838,14.818741855589002,0.01904696853061403
2458372.5328718,15.743190070214638,0.02631992787466782
2458373.5161312,14.858076285677704,0.018806029975417235
2458375.5228833,15.692907158667913,0.025881756940583724
2458376.4979317,14.9042565686229,0.01705411844350668
2458378.5131135,15.80266174832877,0.04479644345943698
2458379.506761,14.810275383648193,0.04019586584670648
2458382.5040278,14.905103302698151,0.02706808681063257
2458383.4997616,15.540748376567695,0.04593759303927752
2458385.4937439,14.855282564486432,0.032829802291897366
2458387.4791304,15.60457463545454,0.16301164415649036
2458489.8654466,15.68020749876414,0.0617533955942496
2458490.8617515,15.66870107235983,0.06206364247734652
2458491.8592221,15.542820431386907,0.040505036260633405
2458492.8578713,15.545658847241535,0.01991872313820426
2458498.8618066,15.565226894820963,0.04312664330675615
2458499.8597347,15.430857521414808,0.03281142351014674
2458503.8576133,15.469464181131658,0.0465958077352125
2458506.8379705,15.549404071522652,0.05749908851456023
2458507.8689722,15.665895417507055,0.08485848698564279
2458509.8330938,15.643570717216875,0.03406615964739516
2458510.8290478,15.625709297648038,0.03500534402310994
2458511.8501522,15.64264698351093,0.025961244467913647
2458514.873304,15.645171678907152,0.035383049947015154
2458515.8682513,15.630236957854109,0.03364674688591142
2458516.8552231,15.666760538454865,0.048605968172735256
2458519.8595947,15.734733551087368,0.026135119660863248
2458521.7960656,15.776163305632114,0.0442024907946433
2458522.7954113,15.70972397247006,0.03197279166685383
2458523.8064569,15.560716189888584,0.033611150223446656
2458524.7869927,15.55682052526156,0.0221782450084535
2458525.7867234,15.674462612674327,0.038143679836903976
2458526.7872061,15.537990391953437,0.023892014785025468
2458527.7740727,15.69615787055538,0.02910207342061564
2458528.8367355,15.673290468694084,0.023882116157841356
2458531.7971434,15.603227116326359,0.034391332523165216
2458533.7800095,15.453684318920901,0.04505823927445676
2458534.7534215,15.792523014208019,0.06587451222122997
2458535.8866286,15.732765670625252,0.06077891400721138
2458536.8082654,15.75732833850148,0.0527338311095746
2458537.8637082,15.694529235459452,0.037225217874511905
2458538.8145534,15.73037771497084,0.03920683414848182
2458539.8626766,15.616174020470197,0.02574059688215768
2458540.7496895,15.679132061678569,0.027843205795818775
2458543.8879877,15.617332568099576,0.024634508064180254
2458546.8777467,15.72843348461797,0.029252621331672148
2458548.8700123,15.714234333823446,0.027291171488112612
2458549.7685187,15.632340919761633,0.02208613517117832
2458550.868534,15.62530871569132,0.02263374474559344
2458551.8680905,15.570074502310076,0.01505446625445565
2458553.7111647,15.744300076174898,0.02744011524039166
2458554.7290993,15.511048650307576,0.016575295837426725
2458555.7216261,15.646016633015286,0.021559187519004687
2458558.7174997,15.640990482237438,0.02197043489052136
2458560.7446846,15.578788685812228,0.024142681209181976
2458561.7464004,15.650712025309382,0.04821552433205859
2458562.7599573,15.592466927698084,0.05363773992303916
2458564.7651893,15.789431611817161,0.07367785582760206
2458565.7013935,15.302243479593576,0.04592067139261873
2458566.7598001,15.36051853704759,0.035851506436929366
2458571.3901826,15.650524820632896,0.02429586304382887
2458572.5358923,15.64768042843858,0.023417210572203973
2458575.6722047,15.648852364342691,0.023812386745802817
2458576.6303339,15.719569169553054,0.030365889269269072
2458577.6661276,15.590634630581528,0.02138292315413239
2458578.6839232,15.740647260850132,0.02678812878567405
2458579.7076093,15.797956397392646,0.02618915104406841
2458580.6488394,15.714730718432225,0.030409112612030026
2458581.6629787,15.589400169562467,0.021773349776333967
2458582.7094191,15.723668024199792,0.026717711523427414
2458584.6421324,15.791162390079252,0.030019816194528058
2458585.6341786,15.67477098767866,0.025315231640982254
2458586.6237355,15.658448328656982,0.03201815145931957
2458588.626597,15.754779291103198,0.037762789374920135
2458589.5936576,15.760968193906862,0.05485471879181051
2458590.6996429,15.604265060906297,0.041711388699530845
2458591.8824761,15.757158319551497,0.04255223899868153
2458593.8020419,15.675645365522717,0.06603013729961656
2458595.6803169,15.73989228726733,0.047202616788850946
2458596.6915788,15.649839684110237,0.044223980278405975
2458598.3286764,15.69718553449678,0.02780136572630735
2458599.6376893,15.732699493350655,0.028724353450300995
2458599.6389063,15.610333655575417,0.026250661335365553
2458600.3196852,15.600396896235235,0.0231374097357537
2458600.5766981,15.61045481728151,0.018336401681436614
2458602.6163114,15.646046652924232,0.017702564928741706
2458603.3705497,15.738119327502798,0.029141060604965234
2458603.6506067,15.829296891703478,0.05425355132666217
2458604.7101906,15.520883186934554,0.024242626367140568
2458604.8076498,15.596612099690159,0.024026085205833186
2458605.3614567,15.68111860475981,0.0388914880946751
2458605.9012413,15.625961768510056,0.026452178108910727
2458606.4108306,15.734080443246,0.026497393326598367
2458607.4747319,15.69624504146595,0.028010018016908028
2458607.7167969,15.681049728407979,0.026320957060697828
2458609.6400858,15.461901840491608,0.04758036751267795
2458613.2709811,15.63313454140452,0.029116595528600565
2458615.2663431,15.636691440583014,0.02813976110064688
2458615.5489905,15.492590986835033,0.01671835285466636
2458617.5736185,15.622428664800127,0.021461708479456696
2458618.5437802,15.553797547035247,0.026253379727473318
2458619.5400437,15.604459708750628,0.04613073516938594
2458621.4785989,15.518752337505521,0.05194959322056284
2458624.7237152,15.34668442673729,0.028453073874238136
2458625.2583484,15.53784854774743,0.025488128088560935
2458626.232593,15.412403751390597,0.015498777761254372
2458626.7758426,15.42490461691578,0.02728304885622408
2458627.5487254,15.475758303923792,0.03813017317163912
2458628.348895,15.440318153440483,0.014332377981319972
2458629.417914,15.491659692888325,0.020221915055524453
2458631.2282676,15.558868582475366,0.023490036792806247
2458633.4440728,15.534199469225713,0.01886900543587332
2458636.4334572,15.516910097635552,0.02777994150466177
2458636.7071686,15.514452327099486,0.01411085069703001
2458637.2748335,15.528642145845255,0.037164779221920616
2458641.204022,15.62464084680293,0.02341984191078044
2458641.7380465,15.683508321256706,0.029629917708199435
2458642.2564595,15.583761830316853,0.019541703083433674
2458642.7061032,15.708683974446739,0.026487303566071395
2458643.2786136,15.522143813251565,0.022269623027459565
2458643.5945417,15.732591161828491,0.026588477592607053
2458644.4582163,15.616147512072452,0.02616002871982802
2458645.4580082,15.51133111901165,0.028071013834876434
2458645.6999289,15.593615376134228,0.024909246733290483
2458647.7910525,15.349385128689985,0.03412135059121695
2458648.2039493,15.568096662445303,0.042547027361148675
2458649.4600054,15.659125383950144,0.052870916918738325
2458650.196752,15.48972177414101,0.0490072129984359
2458650.5806313,15.638523683804523,0.042264204293879774
2458652.6759031,15.555767831692144,0.049786834172730235
2458653.2230283,15.580949915039096,0.048512390554455886
2458653.6908694,15.685376029732865,0.05123105499595749
2458655.4964295,15.779379546496612,0.07974888758121104
2458656.5245876,15.577157895763543,0.04537834319952622
2458657.7197842,15.620028020932455,0.03079649369708376
2458659.4548088,15.50399976825474,0.041116168373733705
2458659.7538891,15.609380352230257,0.02929811783082873
2458660.7467617,15.682394532805539,0.029195433542237748
2458667.4166737,15.467973728028708,0.041914287227077435
2458668.2223537,15.496016686650337,0.017292432196250995
2458669.5905221,15.361509142964504,0.019346030164755557
2458670.7080888,15.374958580488148,0.01881534614151397
2458674.6653741,15.302867189305065,0.024473364835697228
2458674.7235994,15.38365115170343,0.02362082749412273
2458675.6707406,15.22364688798745,0.029789826679008844
2458676.7203104,15.091696208286674,0.036295130437522936
2458678.5397195,15.186677333359029,0.03341567674906434
2458679.437617,15.105553270002112,0.03674590723474823
2458680.5882029,15.169366601051912,0.0341891556157571
2458681.4053402,15.136560422724036,0.041518667851818104
2458682.6111191,15.18253850025112,0.06979312012106542
2458682.703657,15.244810770218937,0.05614629530371406
2458683.504991,15.115113620831744,0.02185100498651534
2458684.6739661,15.045256660730074,0.026955061801631142
2458686.41469,15.101363290808333,0.023508115626977053
2458687.6896898,15.10329829123959,0.022343213514200492
2458689.5586927,15.199017268768165,0.018940706887742298
2458690.5166737,15.12818914237407,0.02081779820496214
2458691.6808124,15.168849219925164,0.034652328723890576
2458692.3675909,15.224770071495621,0.020133690239996248
2458692.549893,15.224206050910299,0.020627346832374514
2458692.676136,15.138646964447265,0.019980572374674304
2458693.6709273,15.273303340621524,0.01910015132468891
2458697.2398515,15.303968163248662,0.014222485365472333
2458697.6498868,15.135939091336365,0.021674950817349076
2458698.2753755,15.276288791216075,0.018397758179920506
2458699.6556238,15.318948221847164,0.019092757252765633
2458703.5209384,15.330825517014484,0.02781665719179651
2458705.6394989,15.290612192036871,0.03304357076089864
2458706.5995984,15.4653239159446,0.04470104813026655
2458707.6362007,15.444728519095747,0.04492834288452479
2458708.6238889,15.349243111687924,0.04033852765101261
2458709.3542494,15.350173805323273,0.04508890696475869
2458709.6176786,15.194615862742006,0.0799042045040788
2458710.3208975,15.304455024738317,0.036523627333855245
2458710.6205228,15.232731424868803,0.05329444824591844
2458711.623183,15.332292039550206,0.054759265841981666
2458712.3471791,15.238644218217747,0.05709272922418175
2458712.6028213,15.248183482826715,0.04504365709144193
2458713.3625654,15.329484078697247,0.04966334202327395
2458714.6169657,15.160181409599021,0.07095328057650607
2458715.2358205,15.25091319721618,0.01708840287924049
2458717.3344443,15.31541900097973,0.016495226260396283
2458717.5997285,15.281064545692617,0.018302974337237887
2458718.3309398,15.184885726705167,0.019150814167055805
2458718.6057118,15.294080919637112,0.019129162620696975
2458719.2690029,15.225248418516106,0.017604685111583886
2458719.6024783,15.153517347656486,0.019625558247897988
2458720.5807693,15.286764756179558,0.03250488977820945
2458721.5918303,15.196741327220614,0.026221202982012755
2458722.582582,15.218403803240324,0.017218098258343518
2458724.3327049,15.24866895797993,0.017275491061169015
2458724.5823127,15.261027721721003,0.0188362735428241
2458725.579772,15.15669975712867,0.018992790243447678
2458727.3192257,15.199795239146246,0.019662186017390264
2458730.5152183,15.273689610275188,0.025054200700814454
2458730.5583299,15.149380471981633,0.02570206247577159
2458738.5281077,15.33027581691366,0.04727426651216642
2458741.5109527,15.207713526415283,0.03758131105943057
2458742.5160834,15.31538134106058,0.025254062501876173
2458743.5178278,15.356223076007666,0.01951137641998154
2458744.5056207,15.423695997255944,0.017736083129419457
2458745.4994411,15.309383611847046,0.025761713891577394
2458746.5062969,15.292401182666481,0.019889654590993098
2458747.4918372,15.400420601779787,0.020699672010170485
2458748.4994959,15.290144648935843,0.01755175010743906
2458749.4889157,15.385117665622122,0.020535663415954652
2458750.4976375,15.265010841650625,0.020964546177666438
2458751.4941069,15.255712857790451,0.02018499307389457
2458752.4901198,15.308480753441447,0.020126194445550975
2458753.4871549,15.22586811815463,0.026966400934902532
2458755.4995972,15.281740773723037,0.022065702279607035
2458756.480695,15.197865823845751,0.05156676019776966
2458861.6137485,15.148003864792472,0.10082374226258167
2458864.8741027,15.54033532508379,0.10323716805225241
2458872.8643523,15.490546782424294,0.024212470376010896
2458875.8812518,15.563171698894058,0.06259325864259654
2458876.8808971,15.534861772762774,0.05173059114011507
2458882.574051,15.538364092316641,0.02083953627206936
2458883.5637593,15.376804153695735,0.01853923320620206
2458884.5640475,15.474915535307108,0.026947570081474186
2458885.8695789,15.32296986591468,0.021252858271889916
2458887.8899114,15.34739201646939,0.046950361600189075
2458889.8139389,15.293985705574539,0.04341462296016014
2458890.8354621,15.213006820879084,0.036952701528931736
2458891.6086792,15.19353876314052,0.03491365187706456
2458892.8038764,15.132244309409653,0.03863524113230967
2458893.6259066,15.252452315178271,0.02944767207473906
2458893.8195244,15.32278083647596,0.03211331231619396
2458896.8897534,15.125751690488629,0.025176116650922925
2458899.7433861,15.247912143930272,0.01912155800055382
2458900.7564853,15.19262398823794,0.02157891338190275
2458901.777762,15.257216233071354,0.021675517410722878
2458901.7789839,15.241954145581316,0.028127914256218862
2458903.7335364,15.202756968117463,0.02791717050430635
2458904.7431049,15.183867287861197,0.02211032041623316
2458905.7358828,15.161915865746085,0.029887282290886608
2458905.8658495,15.124649370793355,0.020068907895163694
2458906.8767223,15.21721155197206,0.022216059595569885
2458908.7264971,15.235580684418071,0.02252301173218925
2458910.7264942,15.191198590647293,0.02274764425480171
2458911.7187541,15.285699522142533,0.022102601332434486
2458912.708532,15.25269987398977,0.02120776047574281
2458912.7097528,15.330855890235604,0.03307945865773697
2458913.7402805,15.228707941908457,0.01897203698066216
2458915.7078979,15.288583891454834,0.035367844090871375
2458920.6912805,15.174366191932933,0.039112963908507915
2458921.6927006,15.330230886526016,0.0456053327898194
2458922.5849771,15.191926068804234,0.031620698950153826
2458923.6928503,15.26730235480838,0.038786960962093144
2458924.6775384,15.324610708145485,0.02603851001723536
2458925.674191,15.325759698454256,0.023877543860061384
2458927.5648399,15.263901736204659,0.01524599620625694
2458929.4397774,15.318610289127719,0.015973765742442077
2458931.4107303,15.384005972191746,0.019192545211763588
2458933.4020529,15.314724362129073,0.022521409276052964
2458988.4161726,15.254426768826825,0.044713142905318776
2459009.4268993,14.92645279148415,0.027052868722211985
2459016.3263242,14.905741029464025,0.01576658516595668
2459017.2947654,14.927183514907503,0.017513736500116266
2459021.4574563,14.825312466546771,0.018634312015020856
2459025.3898948,14.83632812010228,0.016769902532167216
2459033.3875001,14.729130464938924,0.033809286536973966
2459046.4109902,14.869930772238638,0.01715981232904299
2459048.4302845,14.938925582475704,0.01714617393914244
2459051.4367194,14.9089561957297,0.017930815067942012
2459055.214885,14.965144771328474,0.02079812462183243
2459056.4082907,14.96418072886879,0.018430001235150515
2459056.4095082,14.978732962676833,0.01867898463789375
2459062.2433096,14.99500623611145,0.03568839233977475
2459065.4046132,14.99929536405521,0.05278432899801742
2459068.3882262,14.99609602458763,0.02718659036096407
2459072.3831858,15.05711509274148,0.01728227669891985
2459081.2864147,15.127265812482696,0.021599828782952912
2459083.2221965,15.271332509182026,0.016883751977904343
2459088.2978813,15.186255224671765,0.032442585352823274
2459097.3182805,15.21027687280629,0.03840253987547443
2459102.2971562,15.31217107915882,0.01936013434328368
2459109.2631596,15.094215368219503,0.020540778283212553
2459116.2335151,15.190993047564351,0.03744251874705913
2459122.2517663,15.32763730140455,0.053139516346024214
2459213.8605461,15.066701014560735,0.09832573347446315
2459214.8567997,15.019153460871035,0.048844760563136164
2459216.8606937,14.934971372813006,0.039307181177398405
2459219.8665992,15.012853178484345,0.07153027678651891
2459220.8470419,15.09805549565735,0.023496215139916055
2459222.8353882,15.067650914515555,0.024612324868492203
2459227.8298676,15.065951529770405,0.019479598198690693
2459230.8319778,15.105112541543637,0.018545612100459997
2459231.8207288,15.072347390260576,0.019521813841493207
2459231.867434,15.16417961225319,0.030266574116898155
2459233.8387475,15.127034667272113,0.040979843233350334
2459234.8279584,15.159325749192627,0.021151939631595094
2459236.8317303,15.144112165730519,0.021289575267028255
2459238.6241715,14.848000452704515,0.0811996107640779
2459240.550591,15.152770235807795,0.02113276846392618
2459241.8004708,15.068782651459419,0.03578854854205466
2459243.5375633,15.110376631833901,0.03163376526225908
2459245.7936323,15.07257219650886,0.03855280528214782
2459247.8008318,15.145531075183964,0.0239359430901382
2459248.8336592,15.275904409660889,0.02960272605686118
2459249.801384,15.079696148542412,0.022210624266877966
2459250.7827244,15.094229091479537,0.027890718036471765
2459252.8287286,15.249785892226285,0.018816592234936723
2459255.5693063,15.197446475691553,0.01567369497337902
2459256.7754363,15.17253342225715,0.02046943158940644
2459257.8170712,15.270111868607948,0.02679319241588526
2459258.7668019,15.214899336138926,0.019323706955193382
2459261.7689715,15.305193735843364,0.01888902954510674
2459263.5516685,15.307295771574147,0.01488162655898161
2459264.7401909,15.314606560180394,0.024679339620943385
2459266.7307629,15.276146040311671,0.019979240574828364
2459268.4826764,15.437970365729738,0.024425899677974122
2459269.7112967,15.294130465849136,0.04071164530062454
2459272.4626199,15.334953961534437,0.058553220253909403
2459273.7135961,15.219732624603942,0.04261755698603805
2459275.6964187,15.281209756143886,0.0406052404120847
2459276.6898941,15.27503744216439,0.03932415707155113
2459279.565743,15.471426761491626,0.04504264284600549
2459281.6893875,15.475835712259173,0.023378312598561466
2459282.7224932,15.45145792994041,0.01782043525351973
2459283.8046841,15.469518745830369,0.02440911824282631
2459285.720506,15.429899667169899,0.02085080875517645
2459285.7268153,15.553442722380575,0.022218141977296338
2459286.7665162,15.595428649661907,0.024179315421068676
2459288.6925858,15.401070408465571,0.020245595456976753
2459291.4248953,15.525034356683705,0.020042950067600575
2459293.6686779,15.41038828388215,0.023345384143129744
2459294.4033977,15.346925239740997,0.018536739839444514
2459294.6547775,15.32061200003665,0.019434229112130826
2459296.6534009,15.372759585111737,0.025932648231159473
2459297.7496215,15.34207474433031,0.02321654869347519
2459297.7977548,15.22384476246755,0.01988289028225641
2459298.7632072,15.286574032237985,0.03336606002904345
2459299.7117804,15.286773677589503,0.024186977131594616
2459300.7712744,15.261178835086145,0.03649610909467652
2459300.7891211,15.296479158303647,0.037107157155587336
2459301.8175425,15.173927773847977,0.04350508932185093
2459303.8520145,15.249363016453303,0.049828246732008405
2459304.9074813,15.225306852162051,0.04307750517018837
2459306.7839823,15.102635533459603,0.030377669545858136
2459309.6268863,15.220277152213642,0.01694590871684064
2459310.7990673,15.36650410811957,0.02041776568850948
2459311.8307212,15.226221219330458,0.02150587537760861
2459311.853689,15.13895883226002,0.020630542955664407
2459313.3928569,15.21985141329683,0.01927739742526838
2459314.50525,15.255245774742171,0.01946379576729838
2459315.5900483,15.267662159173756,0.02095521421794189
2459317.5909416,15.255013603306251,0.02303821623753393
2459318.6559641,15.286567744247627,0.020064941398488523
2459319.6418208,15.202442130574639,0.01783354166367721
2459320.5957669,15.255944971970642,0.017028742516149973
2459321.608457,15.248994095438889,0.01932072690257206
2459321.6538672,15.240651152467283,0.020076877982475594
2459322.6155801,15.330352982405383,0.019095501333043483
2459324.573417,15.32665867857743,0.019169046376372886
2459325.9191595,15.209417126250715,0.026571590648805852
2459327.5740429,15.196174462441256,0.06988417128872819
2459328.5783262,15.253666506303237,0.04371065205806479
2459329.6015019,15.298789543578069,0.04225760497728043
2459331.6412607,15.129467210388892,0.06173966582337603
2459332.7418046,15.228883373468985,0.05375604515333496
2459333.5418358,15.557643415153521,0.04067503341841375
2459336.5250434,15.38913300241703,0.02868392348776889
2459337.8181865,15.52680435485505,0.02815197906442002
2459338.7031978,15.487072283273164,0.02123414750578334
2459339.6388367,15.27672527063811,0.020169591449294234
2459340.2706219,15.447462932449058,0.020899141498220152
2459340.5518508,15.415301485213597,0.019549558281075966
2459341.279254,15.379656043853753,0.025056462650205093
2459342.5163685,15.30647244027491,0.02395223184252415
2459343.4540958,15.391001344114185,0.017457008303753623
2459343.5321945,15.565974780407734,0.017653637957928084
2459345.5208033,15.47562313007655,0.019913722595367164
2459347.2940813,15.43969100944868,0.01234032956391937
2459348.4647645,15.561989285182229,0.02159443352379065
2459351.4854825,15.445419743008985,0.02455024331477558
2459352.4807602,15.53942531366175,0.020663907205699206
2459353.3482909,15.587948329656623,0.029091948482027258
2459353.6191798,15.545767448545531,0.02790442101344295
2459356.8611385,15.66126627843472,0.06355307476403411
2459357.3838569,15.746366537195321,0.03365793216583141
2459358.4718289,15.490869687532136,0.07442333515761565
2459359.331603,15.90696125694013,0.12437103707828445
2459360.3546869,15.644587939637864,0.08044097219944277
2459360.7253671,15.53978904008549,0.10545882442828049
2459360.7505027,15.43778030715125,0.07920630668206585
2459361.5191244,15.639262240152402,0.09273221995530583
2459363.7244728,15.690206178231115,0.04799607655855488
2459363.7450713,15.4769360631063,0.03982015184404879
2459366.584642,15.565374840880331,0.015897236121885365
2459367.6583789,15.637371372786909,0.02640188819737487
2459368.6085752,15.682005705855504,0.022725505035714303
2459369.6461464,15.67674099348521,0.027999714754172896
2459369.6746342,15.734055209893597,0.028851997695154806
2459370.7038419,15.650749278044318,0.02758518714883829
2459371.5068619,15.60086300164774,0.04448409434721809
2459374.2439067,15.624102153881271,0.023775735568921697
2459376.3191504,15.697785759082844,0.02927354990868431
2459378.2767388,15.759214103584391,0.04665254738616572
2459379.4700496,15.736204453895617,0.023774739110743705
2459380.5268685,15.599493214855846,0.03521375548394323
2459380.557992,15.581580757250833,0.03318652765868914
2459382.4846935,15.672322415479075,0.03492704136636641
2459384.4847544,15.716830793026794,0.03778205190180968
2459384.49829,15.652961348552218,0.03732454311705892
2459385.5260385,15.762897949975983,0.04833681583524638
2459387.5766577,15.827524791090672,0.06758656792160227
2459387.6179931,15.615650178743428,0.058478684363161976
2459390.2107517,15.497672491491608,0.10665304805101539
2459392.6927247,15.623990623876677,0.049796273849488745
2459392.724756,15.775729686349639,0.05000882949685349
2459394.5927803,15.65845272881736,0.02677432305337971
2459395.7524661,15.635517874660088,0.06396940371898437
2459396.6390889,15.585213060631114,0.01884506449673203
2459397.6735057,15.71338659914242,0.030692673624209497
2459401.5568947,15.647652098472955,0.028048473303696635
2459403.2474631,15.576702718984802,0.017226058553811072
2459406.422677,15.61802643355122,0.025875827649122763
2459406.6861198,15.582979705725453,0.04450640226676642
2459408.7001294,15.543166370278406,0.019844311763561804
2459410.2190667,15.434356847354675,0.02236122337034528
2459410.4717851,15.732135287833044,0.03140802236265211
2459411.5064506,15.624906183700531,0.03010882772427911
2459412.5244779,15.695877581374551,0.03721051610948949
2459413.5257987,15.674994674221423,0.03348666100963994
2459415.565178,15.599353703995613,0.04763581375892293
2459416.6108636,15.64877889446128,0.0669926662666568
2459417.6124392,15.648616332918213,0.058100353395835046
2459418.5050582,15.703079700720366,0.05303100605550943
2459419.6502308,15.455658848108813,0.05929983639726485
2459420.593009,15.474278960107416,0.044958155627355424
2459424.5329045,15.507486298445901,0.0191639861890914
2459425.545541,15.720521131068278,0.03013966709133335
2459426.5153249,15.642570635327038,0.027038187899065525
2459427.5081748,15.695279262042979,0.02578169059106292
2459429.6353482,15.597709414721407,0.02205923105237551
2459431.4946712,15.61197723967577,0.02206281960662449
2459432.4908574,15.666264519141848,0.028327288534803742
2459433.5027753,15.860722473264904,0.03515269968577036
2459434.512102,15.682075329438037,0.02765872106025645
2459438.380128,15.690158336868908,0.03676675467680387
2459439.4788887,15.710137740675352,0.033977849868072854
2459440.5829109,15.659000928757553,0.037464459352876574
2459447.5358307,15.603385352945619,0.06098748029797301
2459448.5137963,16.09309951286345,0.10380748690072322
2459451.3202159,15.785584082590457,0.060511099301874725
2459453.5742378,15.796919741874966,0.03983218105681694
2459455.2589735,15.84785613982863,0.03789111586824395
2459455.5065841,15.770527953915819,0.03393648470366005
2459457.5605152,15.75638663842766,0.03596386179769218
2459459.567605,15.618259552610477,0.027398229524286992
2459460.5560925,15.57416513093801,0.023791283923634568
2459464.5168259,15.609445469822052,0.026769869231403603
2459467.5524928,15.643228889519296,0.028578253832980686
2459472.2874239,15.710246241606285,0.053769208579397286
2459473.5097818,15.632383484191589,0.05928946620635099
2459475.4913864,15.994705750831649,0.06928466191259412
2459476.4989644,15.66275033670853,0.06072607673337916
2459479.2714974,15.749101290481189,0.07529918440687901
2459482.4912797,15.804659614861992,0.03626588139603991
2459485.483881,16.172881527714654,0.09345919612929937
2459488.497474,15.749628153062329,0.03415074307741248
2459490.49019,15.91980802773017,0.05167840057299045
2459493.2383087,15.813550533182962,0.06263448513779551
2459577.8608293,16.452412820630805,0.17572447271601063
2459579.8607043,16.246096676148934,0.12699255036594895
2459581.8545581,15.92945278211452,0.06691230155773957
2459583.8512406,16.144788733281846,0.061410859789248894
2459585.8469858,16.01743566143663,0.05216084705641353
2459588.6068566,15.919609055718391,0.13003780127123393
2459592.6127248,15.843102748044075,0.16700826797771326
2459593.6091141,16.377001901690484,0.1387543443037454
2459594.8434829,16.076314573681316,0.09935383030819822
2459597.8198125,15.93397793199905,0.10665771832707807
2459598.599968,16.230305823225926,0.11298223017850516
2459599.8352431,15.852302358569128,0.06785670927286415
2459599.8365453,16.13445725066985,0.1591932365846431
2459600.81146,16.093828685018796,0.09277312345533226
2459601.5647448,15.93886894801685,0.07285589642836979
2459602.5650393,16.172040021282484,0.09744807398413043
2459602.8035616,16.02587008293304,0.07722192237394007
2459603.8063106,16.000410880625992,0.08966129072857468
2459604.5512607,16.17060052201407,0.09446636197871894
2459605.7891724,15.889959464288296,0.0533966816018001
2459605.7904608,16.182562144849296,0.09789931802222919
2459606.7895453,16.09269700307427,0.05751893302998928
2459607.5472351,16.297302492227697,0.06909094430333879
2459607.8219038,16.106449075628095,0.05968082980041407
2459608.5420666,16.07542626117708,0.05481899271572019
2459608.8793706,16.276039505351687,0.08934422639399366
2459609.5418244,16.146989601844478,0.054209035693477896
2459609.8031787,15.96964042605169,0.04256048356398702
2459610.8117031,15.940240666172352,0.0448294684629718
2459616.5178013,16.04675566379121,0.04602499007426459
2459616.7853208,16.01349298029197,0.04557655559177613
2459617.5211579,16.19497310710912,0.05260023588205658
2459617.754155,15.926037699821444,0.04970513483197637
2459618.5068418,16.224749039878915,0.07003194365124757
2459618.7688901,15.936948876444362,0.03869730880513958
2459619.5189347,16.040728578870148,0.049739337027665344
2459619.7641023,15.96521833687614,0.04955259540263614
2459620.5132596,16.11271310294297,0.05106188126216869
2459621.5093261,16.105772673820628,0.04762902945124857
2459622.6114957,15.959575128736827,0.045244239937939246
2459623.752529,15.888621861292329,0.08094440971058682
2459624.7519017,15.961924308139432,0.11574947732686344
2459625.8529226,15.938397031694967,0.0640944311797244
2459627.7390589,15.600476346310195,0.09325306709524907
2459628.7336123,16.39845827453547,0.1733299714605449
2459630.7827074,16.059369607566612,0.08646692412391613
2459631.7289708,16.270979322344395,0.09607623997283521
2459631.7315677,16.19228798950855,0.15092300152430468
2459631.7698021,16.164797341935838,0.06068290961823786
2459631.7710424,16.28461309087055,0.1011217304628594
2459632.7239505,15.803862995903579,0.05875995051487686
2459632.7314402,15.958201471783596,0.06776309511621684
2459633.8073289,16.019244004771487,0.06465347512222737
2459633.8382272,15.913361534575065,0.04780141674832045
2459634.9033268,15.528635549346335,0.10268046411127452
2459637.6225364,15.79556296542279,0.03862405052843394
2459637.7132077,15.95131691286378,0.04348997194119393
2459640.7007018,15.826662184077147,0.027036342414308537
2459642.6969599,15.915889311440965,0.03371004803231963
2459642.7589499,16.07032198331004,0.046857014104143786
2459643.8888024,15.925514396091325,0.03487698934505337
2459644.8086637,15.963708275904283,0.032882428466828414
2459644.833503,16.080981584017447,0.05714991968305425
2459645.7440293,15.986061417618092,0.04002532581825687
2459645.7452813,15.961709641303566,0.04280176346028893
2459646.7086143,15.99061653659573,0.042455953752870444
2459646.73722,15.93307411239195,0.033792786335397604
2459647.7109586,16.005715121571626,0.03605477911670619
2459648.6915498,15.983991824264406,0.03703640818281355
2459649.7090389,15.876484690051312,0.03402566894653208
2459650.7247685,15.92421365907187,0.03234765776553576
2459651.7129485,15.997156534630005,0.0553364794333817
2459652.6928855,16.01847845468931,0.06316401086485586
2459652.7299002,15.909322165095796,0.045389278081251476
2459654.6588971,15.906856778214326,0.07215076637815063
2459654.6614972,15.938301024391187,0.14146139834261173
2459656.9072647,15.926253509969147,0.08943633200397146
2459658.793863,16.18711811608803,0.08813968491087164
2459659.7853441,16.118993691708422,0.08899164783750375
2459659.8462033,15.920381470059864,0.0682895496975355
2459660.8460886,16.26653448590279,0.13903352988771328
2459661.6462928,16.190521878056256,0.0830318897854865
2459661.6475332,16.35461375189035,0.14271441781021313
2459661.6487745,16.271547121811242,0.1647586418648084
2459662.6976756,16.06300342853357,0.06470984131410062
2459662.6989173,16.1854509056483,0.10256089282357357
2459662.7001693,16.109188566253763,0.11419214622119656
2459663.9064689,15.882144720701925,0.041190230800607755
2459664.693535,15.965412472779665,0.03732492429025246
2459665.8679349,16.004367014185096,0.04285980293499135
2459666.7675622,16.102110658657537,0.04138802207552703
2459666.83992,16.062131834220715,0.04258209365903
2459667.8619402,16.089999034149812,0.05431195254383146
2459669.6391842,16.10510057373775,0.0504488276832568
2459670.6181568,16.036548810903636,0.03938760936134344
2459671.6524653,15.984290972708163,0.04198394382608682
2459672.6175826,15.939068529780576,0.03788617797879775
2459672.834325,15.970206375972229,0.03615083345231173
2459674.6351817,15.93541584240976,0.03648719611934949
2459675.6040137,16.00960736092129,0.04530082703759437
2459676.6334744,15.953970787355473,0.04040085441288292
2459677.6041854,15.960472509647264,0.034655791711499455
2459678.5958873,15.973952895721498,0.04911528673714238
2459679.7960685,15.99156245211059,0.04206082896199284
2459680.7171605,16.042864328571646,0.044017316363511534
2459681.6692125,15.946954640481398,0.0544761405276416
2459681.6704412,16.01924468320901,0.04663034205660836
2459681.7177429,15.82642243107462,0.03371108829835941
2459681.7301252,15.98530995983825,0.046638132402008085
2459682.452655,15.672606099881556,0.0482547120739253
2459683.5878101,15.843012717708406,0.038997784629840285
2459683.6011007,15.92203263210033,0.05103070700110114
2459684.6586236,15.960793408870575,0.07671397593662026
2459687.7180528,15.898857696527525,0.07281274460526588
2459689.8156456,16.197740237836474,0.06907620035648629
2459691.7867026,15.87234395326841,0.03670116795154324
2459692.6111866,15.796577647962685,0.0299619327377572
2459694.5525614,15.801387117809455,0.03526398944770835
2459695.85867,15.944685542554804,0.04322150321983957
2459696.692579,15.85091374762988,0.03523155283700107
2459699.6772419,15.703639118944725,0.036089928206825835
2459700.8599712,15.783293907719326,0.030785174043591327
2459702.3066902,15.706237266027381,0.028544600770864424
2459702.3091787,15.695041515475355,0.0463032417449524
2459703.2833955,15.804438615557812,0.03535122121975213
2459705.5162303,15.732135478405848,0.031131108222425624
2459709.3299274,15.906529937945383,0.08405536952343698
2459709.3311792,15.620929003267932,0.03510214425540987
2459711.2942953,15.624483587265773,0.056446443551844395
2459712.5518793,15.472677535614938,0.18317374404482276
2459713.6257186,15.709853472222886,0.05574283654394579
2459713.6269717,15.587893967416957,0.06291124911074801
2459713.6282135,15.701276737184571,0.0853119615501314
2459714.6138695,15.784179276007375,0.085961078198855
2459715.7055935,15.752052610590164,0.03893448555936648
2459715.7254218,15.803794839313252,0.03962367477154537
2459715.7267088,15.70297328263912,0.05634842037266095
2459715.728019,15.829012162374399,0.08393724720714396
2459717.6871203,15.770548178801567,0.06599840532299495
2459719.6955599,15.882316410466949,0.040298069470011896
2459719.7978739,15.665581053060425,0.035541834915025175
2459719.8004791,15.696474301800906,0.05998280215320631
2459722.5536432,15.71405696385681,0.037708098888767354
2459723.528426,15.817074413262917,0.035262694930213896
2459724.6351884,15.792651097709214,0.025838850113070296
2459726.3887798,15.873415623266968,0.03893970966573579
2459726.7127588,15.782603611138406,0.024596676733588868
2459727.2652571,15.863208968447351,0.04158453224095077
2459731.3360834,15.812201113058928,0.03361650475339167
2459736.3142242,15.794696595192217,0.035358602494003806
2459737.2007316,15.810514100005893,0.02791359650053921
2459737.5326677,15.870731068316413,0.03658293805343225
2459738.5968031,15.783579278102264,0.03449131667506001
2459738.6475249,15.991330813403762,0.04739465376406052
2459739.6666681,15.846809646885342,0.04544687342944474
2459739.6751372,15.711470055012587,0.03537319604432298
2459740.7004203,15.775067296310539,0.047864722873434795
2459741.7009716,15.774170121127504,0.039413863138140215
2459742.7774552,15.534562781555037,0.0506610542057993
2459743.6565355,16.058700019414943,0.0884093913156795
2459745.763624,15.779132437626416,0.10076564768823178
2459747.6763853,15.695823610525718,0.042199203440155215
2459747.7469443,15.92523765783822,0.061365433538072535
2459750.2731128,15.929640698509466,0.04289278200683154
2459751.7656434,15.74040709274945,0.030327319036682995
2459756.4788966,15.738714150858826,0.02383342107546241
2459758.6057859,15.87402660848621,0.03411358605586231
2459758.6342933,15.710854720523432,0.025078183594231914
2459759.6521142,15.828854909315766,0.02841391274108617
2459759.6533431,15.825669476344597,0.05550746825897059
2459760.6863368,15.69653434430229,0.02211461423270985
2459761.6972968,15.815606875380235,0.03083789446029002
2459764.6076876,15.832498952798261,0.028555109449843224
2459765.5875408,15.875509240706197,0.0442137687960518
2459766.724382,15.778087477189985,0.038977393129528526
2459767.6079662,15.731111707870344,0.026502488270818705
2459769.618357,15.782416818586553,0.04588948774185142
2459769.6388653,15.6974448308106,0.040368627339213724
2459772.697074,15.788250223969003,0.07476781245066502
2459773.5208845,15.834336442964592,0.05926105106895816
2459777.4281385,15.587470759610017,0.04754297325065062
2459782.5774082,15.673980325557082,0.022227520190251426
2459783.608671,15.72888981865465,0.024890257708542574
2459784.6758398,15.781774978349327,0.026598908081645774
2459785.6655946,15.751870514305812,0.02490076125043047
2459786.5398423,15.691460502006247,0.022858864413635136
2459787.6717477,15.737467587389348,0.03436900777750652
2459788.6204849,15.879321912790532,0.04072505897614605
2459788.6529212,15.757478643985595,0.03125082203017518
2459791.2669188,15.805476924941651,0.033319262125700924
2459791.4699532,15.753849092172658,0.030953679633198783
2459792.5295082,15.642870013240683,0.025974757197063093
2459793.5384906,15.674932488297602,0.034404154543637384
2459794.5267475,15.638458502935848,0.020375244753045453
2459796.4884853,15.64242305627757,0.03465207077795845
2459797.5174364,15.694493672248718,0.03470390544610844
2459799.5770694,15.647749524187443,0.050239913806811996
2459801.2974094,15.451645676190697,0.059650630548716534
2459802.6291946,15.744638719145527,0.09265092142792063
2459802.6304235,16.192029360570388,0.215085346235771
2459804.5179127,15.788587334399086,0.0567615354135315
2459807.2773047,15.628455094706222,0.02998441551457649
2459808.2968725,15.677540860395226,0.0331387810845846
2459809.5559429,15.685334752508425,0.02286822285252046
2459812.2595777,15.748462662198705,0.031805567877407126
2459812.5054255,15.663824249337646,0.022468181627405395
2459813.5846942,15.600036203765367,0.025753078919256777
2459814.3476857,15.612070358000281,0.03081211696873438
2459815.4984304,15.650201774134052,0.022115332745679433
2459816.5604484,15.79172309432558,0.03228826734586455
2459817.5929116,15.6632012811646,0.026771504971220612
2459819.2816684,15.754982052944014,0.024704642475661013
2459819.2829087,15.765488051577828,0.04083213967093529
2459820.2860342,15.707071775140445,0.027891656759464787
2459821.4731511,15.84772999737632,0.0437554847251534
2459822.5341479,15.793179395176193,0.03113816386257183
2459823.5462871,15.90032296592689,0.039851681195513
2459825.5575935,15.828209268212813,0.05246816792280223
2459827.4968671,15.709453452536566,0.040978001802037575
2459828.5518011,15.861970196100918,0.06537602294181223
2459830.2987873,15.82642843108573,0.05890819862464466
2459835.2425823,15.815077643819912,0.035782439753368075
2459836.2352047,15.76108375457146,0.033113780790495
2459838.2585123,15.891022996440238,0.056878439907838536
2459842.5031999,15.85070274820957,0.03981185929711431
2459843.5060515,15.784277676478034,0.034876906787293
2459845.255702,15.939597382341704,0.0752740982146894
2459845.5135243,15.632736748715248,0.024605702550446636
2459846.509995,15.720580143462644,0.03209975020921263
2459849.2598408,15.697296326649628,0.035530677477760564
2459851.4963674,15.628318684361899,0.022360340650802415
2459853.4888086,15.916778733556837,0.05167980135894107
2459855.4941028,15.427445326879619,0.03263795430753854
2459856.4907974,15.339956120255472,0.03621418781742793
2459944.8620437,15.508976091077331,0.08216593341381538
2459945.8584427,15.594965107980872,0.04722526499905825
2459948.8496119,15.663063238767753,0.02856278907321654
2459951.8423113,15.739012694750778,0.07339748400713048
2459952.6040338,15.75397024423793,0.10524797995040652
2459953.8459805,15.624645016614005,0.05140084561452687
2459958.592593,15.914727938208241,0.05869078271910789
2459961.8636515,15.507069575034837,0.05747988098844928
2459963.5906744,15.771506997059126,0.030228382274355016
2459965.6128544,15.847615029359137,0.05588937054318644
2459967.8216475,15.724614603449425,0.02742192291395135
2459967.8241515,15.70934500864944,0.04283919250230915
2459968.8022313,15.658622573756533,0.02483132254223771
2459968.8047358,15.653406701261275,0.0460105140900181
2459970.7886001,15.745519825111035,0.02596808852898464
2459970.7910808,15.749714209453893,0.04048497061421785
2459974.7849029,15.648459700130584,0.0229936701067941
2459975.8135856,15.736240060844688,0.028699011376386363
2459976.573448,15.829704850623529,0.028926420452670132
2459977.780267,15.843480002043952,0.045870455641576616
2459978.7800121,15.754979115680548,0.0572119944977111
2459979.790369,15.705087515948883,0.05310834160225576
2459980.7768562,15.434625277468996,0.07711818693920619
2459981.7950529,15.739888510669147,0.07325299772772419
2459982.8209397,15.941185201665508,0.07697962940375498
2459984.7668047,15.678522073501833,0.054461694468898564
2459985.7786562,15.890881310886797,0.0796541164411836
2459986.8799197,15.534879330659631,0.04581946942643986
2459988.5586318,15.724634701218852,0.03887078510558558
2459989.7329629,15.656138576211813,0.03461867927272349
2459990.7623527,15.747371511131425,0.03688511379842719
2459994.7297722,15.63744640663695,0.026002847055937518
2459996.7458483,15.624686485582433,0.02554537873959155
2459997.7347341,15.64320997731061,0.032789981059794825
2459998.7274344,15.742386599526633,0.02897120388790843
2459999.7264432,15.73042243175922,0.03416464348926552
2459999.7276836,15.627867385297222,0.04949554462051825
2460000.7452825,15.710723723233144,0.02544064568443894
2460001.7471173,15.768401877006673,0.0340470852567727
2460001.8112225,15.683219333526328,0.026666380447145387
2460002.7193634,15.618009551975977,0.021986219780815747
2460002.760857,15.670070910465938,0.02383259021144945
2460003.7966917,15.693279637899487,0.027739470061610313
2460005.5599393,15.816092953149685,0.025856985375118605
2460005.5624201,15.775250658526012,0.0356313884370251
2460006.8977689,15.69580203053319,0.028031036713052782
2460008.7028013,15.711792490290113,0.03438429027411037
2460008.7040419,15.65001233562783,0.0655545995888781
2460010.7016525,15.6471198324014,0.062189340538793186
2460010.7179514,15.429953162702013,0.059788732733300654
2460012.6850369,15.890403766656057,0.09224263149902931
2460014.6909855,15.845217929243924,0.04799055215851403
2460015.7551631,15.721131668759721,0.06272701888244782
2460016.6814354,15.70664549217808,0.05373220204321005
2460017.7997234,15.684822307155377,0.047174160107355756
2460018.8148915,15.766202560464823,0.03460474842512123
2460021.4098288,15.770451823938846,0.02123189575225479
2460022.428063,15.796784334582814,0.026417791593537455
2460023.6537169,15.6794661932432,0.021205595878518845
2460024.6553429,15.702143690524606,0.025156007398228004
2460025.8633262,15.738546193513347,0.030107132657703473
2460027.6403631,15.774303626869674,0.0312413848054587
2460028.8073886,15.65232373705027,0.024579664792732048
2460029.8111576,15.700754969561899,0.020183224552230213
2460030.8673441,15.748372111966916,0.02739135424839274
2460032.6383414,15.670133096902578,0.03125376275380701
2460035.4388605,15.784526945684828,0.033432242864049985
2460036.6184067,15.720408311287525,0.049538757105694095
2460036.6208761,15.680618938893808,0.07398126381001174
2460037.6518426,15.714052861699983,0.03929960811785875
2460037.654424,16.00443468755559,0.09942901058225076
2460038.6721061,15.439208828440798,0.14854598257141463
2460040.412968,15.627477044199235,0.05251371383393553
2460040.4154602,15.910752691612505,0.17020099153198714
2460043.7997874,15.76491137442541,0.04201790461452016
2460045.7563367,15.714218863132652,0.033213144549929054
2460046.8579912,15.864128202162922,0.035953817711093995
2460047.5847661,15.811768230766518,0.035729304923887276
2460048.9160282,15.838011822348577,0.04170469867254615
2460049.597015,15.823662875870133,0.03346554521333136
2460050.8558559,15.73530718602212,0.02954501955095672
2460051.6903319,15.737355067830414,0.02767978459255254
2460051.7746183,15.662687557370525,0.024963955217860725
2460052.7127125,15.832931232153356,0.031010732156787197
2460053.7101594,15.811840976689368,0.03212349272741089
2460053.7454827,15.742004926190358,0.027457552106659077
2460056.588777,15.74597542911773,0.027671899703388656
2460057.5610166,15.77522163780391,0.03058010549236112
2460059.7379933,15.813103204783026,0.031117993599031713
2460060.700608,15.924014046766569,0.03514729859844912
2460061.7098657,15.776127510545317,0.027627551796096078
2460062.7370129,15.756727784439166,0.03192150073544398
2460062.7735841,15.833971556094273,0.031139174204698014
2460063.6780059,15.775220987024355,0.024729388108180168
2460063.7243746,15.804287805615505,0.02904750887595473
2460064.7868572,15.916572685397483,0.04907898313121771
2460065.6143284,15.793035387460728,0.039471716238677665
2460065.6441138,15.857068749823533,0.05250074247451206
2460066.6278356,15.850209685342156,0.04031164409763921
2460067.6480211,15.870386187850285,0.05019669217524631
2460068.6722882,16.14460061161324,0.10526610975435736
2460069.4077925,16.139359099795982,0.07850145098977683
2460071.3320324,16.038023490508277,0.11786117030636559
2460072.2765826,15.956901637121401,0.08865546382265976
2460072.8276127,15.743234260233844,0.04365126497641878
2460073.2615623,15.884482044569555,0.04674994823299812
2460073.5221388,15.837362321257697,0.039338506011929564
2460074.7190495,15.84421643633219,0.0589842196234174
2460075.6273614,15.73643998534353,0.03658134213368116
2460076.6789962,15.781947410572624,0.04313426206539771
2460077.6909684,15.921269517814965,0.03407976969017492
2460077.8633133,15.830375213532701,0.03923179745518301
2460078.6714698,15.877356988510083,0.03186527182455158
2460079.8403535,15.902644615149427,0.05131959194757556
2460080.8401857,15.824493507852235,0.02943463419013214
2460082.8191241,15.88507261801234,0.03613360025913305
2460085.829532,15.86869121080758,0.04370605524599656
2460086.8218155,15.896500186973004,0.05275430232708932
2460087.8183251,15.968485255870055,0.052568313721818076
2460088.8413216,15.863708720857641,0.06586572103580197
2460089.489752,15.905807323799433,0.05148595444490598
2460091.4892508,15.884333357932782,0.041724748223787404
2460092.5308283,15.915251524068703,0.03840852791952051
2460094.8130586,15.881687511593856,0.0385078181476193
2460095.8124392,16.023330450452317,0.057250011982174207
2460096.8046324,16.047469522922636,0.1399401877612207
2460097.7787998,15.751864654540313,0.07772378393946032
2460101.4621505,15.876609573722238,0.03519363163966439
2460102.8123478,16.40194327895941,0.157708167497663
2460102.8136461,16.22759574722621,0.1965472380044247
2460103.6211162,15.85768676982103,0.05407150797823374
2460103.8082478,15.92969169909997,0.060514824835430935
2460108.7928348,16.097172661223524,0.06642676566581843
2460109.6820201,15.945962872330135,0.049044317845537234
2460112.6477056,15.978047997004253,0.0652900047096684
2460112.7747499,15.97580129861547,0.05046004750484973
2460114.6077984,15.939556766170327,0.0335409108361752
2460121.4971578,15.993535301458477,0.044616754638860376
2460121.5905871,15.925254482656978,0.04152991092500496
2460123.7176264,15.806717310168052,0.039951642352320016
2460125.618159,15.901056122192788,0.11492769830407389
2460126.7055608,15.639366912310006,0.08511993827249321
2460128.551764,16.265737501994973,0.14061485540269542
2460131.4836794,15.687582449246548,0.07790281040165957
2460136.4721585,16.020707663260144,0.03594630647650204
2460136.6934302,16.03126216986061,0.04766180252488754
2460138.5848901,15.961076184036688,0.0459449383617251
2460139.5479209,16.01847913264864,0.03650401067116891
2460140.527788,15.891179611398158,0.04125595337812302
2460143.2451794,16.088193846536242,0.03642674717026485
2460147.6849362,15.876910553808303,0.03991711631452431
2460149.5351005,16.085365719388292,0.049687075778478536
2460153.4881302,15.544290609489657,0.05450335511109676
2460155.6303086,15.841431835880407,0.08664329543950301
2460157.4848935,15.719666986241487,0.08520712426527342
2460158.5458021,15.791974654953062,0.08043932747490197
2460163.4036166,15.89279718142939,0.052440165751946495
2460164.3834164,16.0106112679924,0.05367425086904414
2460171.2920692,16.12054003402266,0.04374590049080849
2460183.3147237,16.351297106134723,0.10555185227729572
2460184.3369003,15.621946672442773,0.058530596658914705
2460191.2539557,16.183833716544488,0.05506822505211763
2460194.3059383,16.056614001857536,0.04118237904808505
2460199.2817184,16.11692276270061,0.04513980610222219
2460201.2831185,16.312745367453147,0.07101636101993976
2460216.258902,16.10414269088129,0.1910659090412981
2460219.2471681,16.192964622585077,0.04774431017424468
2460220.4898489,15.911656639497187,0.054347988571021404
2460222.4909632,15.95996768104905,0.08233052552670027
2460223.484693,16.089878078464423,0.12559164366242734
2460223.4859795,16.084841322177933,0.1745689490545743
2460311.8567567,16.086349805854574,0.09306485059548861
2460314.8640089,16.43115076231514,0.21568110122785464
2460315.5964771,15.842700246929324,0.07149371990332543
2460316.8456356,15.907611784193014,0.04217727120724008
2460319.8695518,15.163464418779158,0.07466911784485881
2460323.8642159,16.049747995978457,0.07143101578677791
2460324.8640887,15.86756517890245,0.04418256302393988
2460325.8638741,15.861446542050048,0.03674444312962719
2460326.8752523,15.887780270830568,0.1683780863272392
2460327.8708076,15.917168467787546,0.07917368928702036
2460328.5821703,15.99578071953178,0.04312951187550634
2460328.8722654,16.0271518158857,0.09973183057591908
2460329.5751084,15.989179899258774,0.03679320950193953
2460329.8665971,15.939379136282552,0.05333662499120516
2460330.8700368,15.91072841641714,0.06771022614000334
2460333.5717438,15.724491718649531,0.04318152389927226
2460333.8615764,15.773458692222057,0.04121460840275092
2460334.5680578,16.356652718374264,0.12270544569397748
2460336.5770179,16.046933728039757,0.09790138281201875
2460340.5795164,15.827461582087581,0.049237392298035504
2460341.5787968,16.17262476332822,0.07473689945111056
2460342.5829118,16.060616023015605,0.06252388651361741
2460346.5601902,16.048834946585092,0.04413771183139804
2460349.5352151,15.9940395765431,0.037167410020496554
2460351.5311953,16.067674215530193,0.04544400395970649
2460352.5300521,16.02157254000986,0.041188086654740476
2460353.5273434,16.14114092886358,0.04388462986095927
2460354.5260369,16.016264951535305,0.040632702287514866
2460358.5333964,15.917960658308312,0.03041465938566402
2460359.498462,15.981194880891522,0.04312111562401157
2460360.5013319,15.98731298178719,0.04636199775702092
2460361.4845007,16.100253806236584,0.07439216385061939
2460364.4946245,16.437325915038397,0.13813602620947005
2460369.7785106,16.07236922625579,0.07747778903430153
2460370.8208448,15.906797687024788,0.0599739776277253
2460371.9011376,15.879214684562191,0.06853549814455655
2460372.8154526,15.919136068167285,0.050856914935793744
2460373.8131275,16.33991175189394,0.15354712735222154
2460374.8174407,15.930192313842644,0.049524394346645746
2460375.8167613,15.900211705589296,0.035797047951205585
2460377.8869349,16.013166508120165,0.04673379965151095
2460378.8292209,15.950299648370919,0.03973704053936254
2460379.820804,15.892089608603282,0.0396248032431552
2460380.8497484,15.895669915283936,0.04403431823139345
2460381.8152869,15.977152859532717,0.036471406692046154
2460382.7877505,15.929244832665425,0.04117671252082823
2460385.7097432,15.80360520844019,0.030554132016193315
2460388.820714,15.867582897481,0.04451921208081458
2460389.8275905,15.848848091452654,0.03282734576585777
2460390.8340097,15.9493957893286,0.037709377241401124
2460397.8342032,15.480971075733018,0.07948693329253037
2460401.7775328,15.889879336806313,0.047765996496353054
2460402.8144275,15.692757774685603,0.026507470969422242
2460403.8459055,15.746616323801309,0.03192019152817502
2460404.8116492,15.831055498242236,0.032480315572451374
2460405.8006389,15.803652600248505,0.03139478672762568
2460407.769273,15.806615354092369,0.029790374178197476
2460408.764137,15.82388670630326,0.0296228656832661
2460409.7920863,15.738414454568064,0.02264768898075826
2460410.7778465,15.855603717369046,0.032620525866460755
2460411.7980195,15.632933467167875,0.018379947181273136
2460416.7514569,15.748030874867979,0.03132913914047702
2460417.6460191,15.820540193592961,0.0372656471634624
2460418.7284026,15.856654907022314,0.04296562114973524
2460419.679059,15.857538165082923,0.04266717931619952
2460419.9191113,15.783388454578908,0.039850338148763126
2460420.7954282,15.726157432072034,0.039738442886171316
2460427.8661431,15.711957085772209,0.09276768420100796
2460429.5151221,15.781632429079158,0.07174085422021466
2460430.2920596,15.794268749586731,0.02827875113065624
2460432.3738569,15.840608181338924,0.028838809850400226
2460433.5834877,15.808903186010108,0.04932959998344221
2460434.5760638,15.715153640060805,0.025048250025692078
2460435.6304288,15.700922353233048,0.06496824411647306
2460435.8095937,15.732023151593742,0.031523633107800215
2460436.8776426,15.842784202273123,0.04154585923078469
2460438.8422298,15.709393181341811,0.02920223219486918
2460439.6530596,15.837742584664118,0.030985581769962668
2460440.6225992,15.749998400490364,0.025850172994465705
2460445.469334,15.917411384377997,0.03705890875770776
2460446.5528223,15.804979150477926,0.028912532712526966
2460448.5409573,15.849718007010942,0.04350097441151664
2460449.5250372,16.12762651719037,0.06940403139679062
2460454.6144681,15.883108160624941,0.07526191635846319
2460456.6952197,15.810307618821458,0.05171525125225978
2460457.716305,16.006122177766667,0.0645965099668442
2460486.4933924,15.91546768035771,0.036238315387820144
2460487.7375512,15.750715732621439,0.05935576391952789
2460488.5353302,15.84468648237214,0.03280566589158288
2460488.7240256,15.917921782337629,0.060337998792892374
2460492.6579615,15.809476149702778,0.028842787807635342
2460493.6459055,15.777867567869846,0.03162717457279225
2460494.5267843,15.68860858154583,0.02331983495619039
2460496.7042458,15.793038921170353,0.040831355509800035
2460497.4154032,15.86271253124638,0.030313857077799187
2460497.4166203,15.835299817716365,0.034329902372028806
2460498.4271957,15.752824695023689,0.04815010957326671
2460503.4636629,15.718199854435774,0.028210533932200094
2460504.4938832,15.619385116632795,0.024270229783677575
2460513.5546381,15.586719013100831,0.052245077125017976
2460514.4879091,15.736562491090476,0.030554310400550802
2460515.6431616,15.742352252270756,0.050019909437046074
2460516.6119373,15.689904565223195,0.038483898915494176
2460517.5364555,15.781651779709131,0.02615487104883627
2460521.5456157,15.691996102215224,0.025518662397032495
2460522.2698202,15.849743207503446,0.029896069397323314
2460523.2438363,15.866605808550043,0.036450198283567506
2460525.4074118,15.858179430215705,0.027007254157945932
2460528.6411661,15.791532750238202,0.030889357972386285
2460530.355797,15.875856009768782,0.03576806879255856
2460530.636006,15.755175104625112,0.025998137240066284
2460531.6327156,15.75212123998421,0.03236044629850828
2460532.6303251,15.76492104390538,0.029895358902351798
2460533.6265379,15.792230849713611,0.035635921619008165
2460534.6232528,15.793949498406768,0.0412583670518593
2460535.619668,15.707221364697263,0.041877176823427995
2460536.6044827,15.808654343633776,0.05242764383696247
2460537.6155349,15.794510311548336,0.058539517626133894
2460538.3013426,15.727227110070562,0.11293847411076116
2460539.2874603,15.701710346769781,0.06690314181535945
2460540.3552724,15.787052255829515,0.16516164230754407
2460542.3237397,16.114949976510886,0.15406733448170887
2460544.5921741,15.7147409174236,0.050152255131106264
2460549.5885914,15.837498548828428,0.0592489613531168
2460553.3384226,15.78403452248473,0.05813977324763288
2460556.4937408,15.621651296476971,0.020748266116469866
2460557.5707013,15.654318386374008,0.02368550507865462
2460566.5433427,15.522712278777739,0.03447332977386174
2460568.5400499,15.515565457698195,0.044508878766953745
2460690.832128,15.668379180447241,0.10308112428856911
2460693.5793396,15.805355788219952,0.05263638950510478
2460693.8217045,16.11180568289051,0.10156299730056646
2460694.8363044,15.783564897152239,0.0568966451530194
2460695.8121633,15.822376887073089,0.06722617033453945
2460705.830234,15.991712667626237,0.039999359818629975
2460834.8018601,15.579850646822011,0.06841576398083954
2460837.6921917,15.809633980285088,0.08305514952674578
2460838.5371926,15.559052345435976,0.05707335600502307
2460839.2491739,15.699074123235256,0.040390546702366865
